Features selected,Sensitivity,Specificity,Accuracy
1,0.312,0.003,0.118
2,0.665,0.612,0.632
3,0.941,0.881,0.904
4,0.012,0.619,0.393
5,0.059,0.727,0.478
6,0.841,0.217,0.45
7,0.488,0.976,0.794
8,0.818,0.038,0.329
9,0.812,0.955,0.901
10,0.941,0.329,0.557
11,0.959,0.902,0.923
12,1.0,0.017,0.384
13,0.906,0.944,0.93
14,0.947,0.741,0.818
15,0.929,0.902,0.912
16,0.947,0.458,0.64
17,0.888,0.794,0.829
18,0.053,0.997,0.645
19,0.959,0.734,0.818
20,0.776,0.934,0.875
21,0.847,0.976,0.928
22,0.947,0.958,0.954
23,0.959,0.958,0.958
24,0.876,0.93,0.91
25,0.824,0.937,0.895
26,0.941,0.93,0.934
27,0.835,0.983,0.928
28,0.647,1.0,0.868
29,0.982,0.832,0.888
30,0.912,0.92,0.917
