BatchSize,Sensitivity,Specificity
1,0.9470588235294117,0.9825174825174825
1,0.8764705882352941,0.972027972027972
1,0.9529411764705882,0.9755244755244755
1,0.9764705882352941,0.9685314685314685
1,0.9529411764705882,0.958041958041958
1,0.9647058823529412,0.972027972027972
1,0.9529411764705882,0.9790209790209791
1,0.9705882352941176,0.9685314685314685
1,0.9529411764705882,0.965034965034965
1,0.9705882352941176,0.9755244755244755
2,0.9529411764705882,0.9615384615384616
2,0.9529411764705882,0.958041958041958
2,0.9588235294117647,0.986013986013986
2,0.9647058823529412,0.986013986013986
2,0.9588235294117647,0.972027972027972
2,0.9705882352941176,0.972027972027972
2,0.9470588235294117,0.9825174825174825
2,0.9823529411764705,0.965034965034965
2,0.9588235294117647,0.9685314685314685
2,0.9588235294117647,0.9405594405594405
4,0.9647058823529412,0.972027972027972
4,0.9529411764705882,0.993006993006993
4,0.9588235294117647,0.972027972027972
4,0.9588235294117647,0.972027972027972
4,0.9470588235294117,0.972027972027972
4,0.9647058823529412,0.951048951048951
4,0.9411764705882353,0.9755244755244755
4,0.9647058823529412,0.951048951048951
4,0.9764705882352941,0.972027972027972
4,0.9764705882352941,0.9685314685314685
8,0.9647058823529412,0.972027972027972
8,0.9588235294117647,0.951048951048951
8,0.9647058823529412,0.972027972027972
8,0.0,1.0
8,1.0,0.8706293706293706
8,0.9470588235294117,0.9755244755244755
8,0.9588235294117647,0.965034965034965
8,0.9705882352941176,0.986013986013986
8,0.9647058823529412,0.9790209790209791
8,0.9764705882352941,0.9755244755244755
16,0.8705882352941177,0.993006993006993
16,0.9588235294117647,0.9825174825174825
16,0.9647058823529412,0.9825174825174825
16,0.8647058823529412,0.9895104895104895
16,0.9588235294117647,0.972027972027972
16,0.9647058823529412,0.9755244755244755
16,0.9352941176470588,0.972027972027972
16,0.8529411764705882,0.993006993006993
16,0.9352941176470588,0.986013986013986
16,0.9411764705882353,0.9685314685314685
32,0.9411764705882353,0.9790209790209791
32,0.9294117647058824,0.9755244755244755
32,0.9176470588235294,0.9790209790209791
32,0.9529411764705882,0.9790209790209791
32,0.6823529411764706,1.0
32,0.6823529411764706,0.993006993006993
32,0.8588235294117647,0.986013986013986
32,0.9235294117647059,0.986013986013986
32,0.8588235294117647,0.9895104895104895
32,0.9352941176470588,0.9755244755244755
64,0.8823529411764706,0.9790209790209791
64,0.6294117647058823,0.9965034965034965
64,0.9882352941176471,0.8916083916083916
64,0.8352941176470589,0.993006993006993
64,0.9058823529411765,0.965034965034965
64,0.8764705882352941,0.8286713286713286
64,0.9529411764705882,0.986013986013986
64,0.7352941176470589,0.993006993006993
64,0.611764705882353,0.6013986013986014
64,0.8294117647058824,0.9755244755244755
128,0.8705882352941177,0.9125874125874126
128,0.9411764705882353,0.986013986013986
128,0.9882352941176471,0.8986013986013986
128,0.9058823529411765,0.9825174825174825
128,0.6647058823529411,0.9895104895104895
128,0.611764705882353,1.0
128,0.8647058823529412,0.9825174825174825
128,0.7588235294117647,0.951048951048951
128,1.0,0.7062937062937062
128,0.6764705882352942,0.9125874125874126
