Sensitivity,Specificity
0.7823529411764706,0.9895104895104895
0.9117647058823529,0.9965034965034965
0.03529411764705882,1.0
0.9176470588235294,0.986013986013986
0.9176470588235294,0.986013986013986
0.9058823529411765,0.986013986013986
0.8823529411764706,0.9755244755244755
0.8941176470588236,0.9790209790209791
0.9117647058823529,0.993006993006993
0.9117647058823529,0.9685314685314685
0.9470588235294117,0.9685314685314685
0.9,0.9790209790209791
0.0,1.0
0.20588235294117646,1.0
0.8647058823529412,0.9895104895104895
0.0058823529411764705,1.0
0.8352941176470589,0.9545454545454546
0.5,1.0
0.9352941176470588,0.9895104895104895
0.8647058823529412,0.986013986013986
0.8588235294117647,0.8461538461538461
0.888235294117647,0.9825174825174825
0.9882352941176471,0.9090909090909091
0.6941176470588235,0.9195804195804196
0.8823529411764706,0.9965034965034965
0.8352941176470589,0.9965034965034965
0.9823529411764705,0.9300699300699301
0.9235294117647059,0.9825174825174825
0.9411764705882353,0.972027972027972
0.0,1.0
0.7470588235294118,0.9405594405594405
0.9294117647058824,0.9755244755244755
0.9176470588235294,0.986013986013986
0.9529411764705882,0.9790209790209791
0.7352941176470589,0.9895104895104895
0.9352941176470588,0.9825174825174825
0.8941176470588236,0.9895104895104895
0.9117647058823529,0.9685314685314685
0.9,0.993006993006993
0.9294117647058824,0.9230769230769231
0.9411764705882353,0.986013986013986
0.9941176470588236,0.8636363636363636
0.9058823529411765,0.9895104895104895
0.9117647058823529,0.9755244755244755
0.8941176470588236,0.9965034965034965
0.8823529411764706,0.9895104895104895
0.9058823529411765,0.9895104895104895
0.7823529411764706,0.9895104895104895
0.9411764705882353,0.986013986013986
0.8823529411764706,0.9965034965034965
0.9058823529411765,0.972027972027972
0.8588235294117647,0.9965034965034965
0.9294117647058824,0.986013986013986
0.9,0.9965034965034965
0.9470588235294117,0.986013986013986
0.9058823529411765,0.9895104895104895
0.9352941176470588,0.9895104895104895
0.9176470588235294,0.993006993006993
0.13529411764705881,1.0
0.9764705882352941,0.9020979020979021
0.9235294117647059,0.993006993006993
0.888235294117647,0.9895104895104895
0.8941176470588236,0.9895104895104895
0.9411764705882353,0.986013986013986
0.8058823529411765,1.0
0.9588235294117647,0.9615384615384616
0.9882352941176471,0.9230769230769231
0.9294117647058824,0.965034965034965
0.8352941176470589,0.993006993006993
0.9470588235294117,0.9825174825174825
0.9352941176470588,0.986013986013986
0.9882352941176471,0.8986013986013986
0.9470588235294117,0.9895104895104895
0.9117647058823529,0.9895104895104895
0.03529411764705882,1.0
0.8705882352941177,0.9895104895104895
0.7294117647058823,0.993006993006993
0.9352941176470588,0.986013986013986
0.8588235294117647,0.9895104895104895
0.8352941176470589,0.965034965034965
0.9235294117647059,0.993006993006993
0.24705882352941178,1.0
0.9176470588235294,0.965034965034965
0.9235294117647059,0.993006993006993
0.9,0.993006993006993
0.7411764705882353,0.9965034965034965
0.9294117647058824,0.972027972027972
0.9647058823529412,0.9825174825174825
0.7941176470588235,0.9895104895104895
0.8823529411764706,0.9790209790209791
0.9117647058823529,0.993006993006993
0.9529411764705882,0.972027972027972
0.9352941176470588,0.9790209790209791
0.9352941176470588,0.986013986013986
0.8764705882352941,0.9790209790209791
0.9411764705882353,0.9755244755244755
0.9411764705882353,0.9895104895104895
0.8352941176470589,0.9790209790209791
0.9411764705882353,0.9825174825174825
0.8176470588235294,0.9965034965034965
