Sensitivity,Specificity
0.9176470588235294,0.986013986013986
0.9176470588235294,0.972027972027972
0.9647058823529412,0.9825174825174825
1.0,0.7867132867132867
0.9117647058823529,0.9825174825174825
0.9529411764705882,0.972027972027972
0.9411764705882353,0.9615384615384616
0.8764705882352941,0.9755244755244755
0.9058823529411765,0.993006993006993
0.9294117647058824,0.9895104895104895
0.888235294117647,0.9965034965034965
0.9588235294117647,0.9755244755244755
0.9352941176470588,0.9755244755244755
0.8176470588235294,0.9965034965034965
0.9764705882352941,0.8636363636363636
0.9294117647058824,0.9790209790209791
0.9764705882352941,0.9405594405594405
0.9352941176470588,0.9825174825174825
0.9588235294117647,0.965034965034965
0.6764705882352942,0.9965034965034965
0.9529411764705882,0.986013986013986
0.9352941176470588,0.9790209790209791
0.9529411764705882,0.8146853146853147
0.7823529411764706,0.8741258741258742
0.9529411764705882,0.8111888111888111
0.9588235294117647,0.9685314685314685
0.8470588235294118,0.986013986013986
0.8647058823529412,0.972027972027972
0.9588235294117647,0.9685314685314685
0.9823529411764705,0.9335664335664335
0.9647058823529412,0.9755244755244755
0.8529411764705882,0.9615384615384616
0.9352941176470588,0.9685314685314685
0.6470588235294118,1.0
0.8235294117647058,0.9965034965034965
0.7647058823529411,0.8496503496503497
0.9352941176470588,0.9685314685314685
0.9117647058823529,0.9895104895104895
0.9647058823529412,0.9370629370629371
0.8588235294117647,0.993006993006993
0.9235294117647059,0.9825174825174825
0.9529411764705882,0.9790209790209791
0.9352941176470588,0.958041958041958
0.8176470588235294,0.9895104895104895
0.8588235294117647,0.9825174825174825
0.9647058823529412,0.9755244755244755
0.9882352941176471,0.8846153846153846
0.7823529411764706,0.9965034965034965
0.7588235294117647,0.9965034965034965
0.9823529411764705,0.8881118881118881
0.9058823529411765,0.9825174825174825
0.9352941176470588,0.965034965034965
0.8647058823529412,0.986013986013986
0.9764705882352941,0.9265734265734266
0.9647058823529412,0.965034965034965
0.888235294117647,0.9895104895104895
0.9411764705882353,0.965034965034965
0.9470588235294117,0.9755244755244755
0.9529411764705882,0.9825174825174825
0.9470588235294117,0.9755244755244755
0.9352941176470588,0.9685314685314685
0.8058823529411765,0.993006993006993
0.9588235294117647,0.9825174825174825
0.9411764705882353,0.9545454545454546
0.7529411764705882,0.9965034965034965
0.9117647058823529,0.9895104895104895
0.9529411764705882,0.9685314685314685
0.6705882352941176,0.993006993006993
0.9823529411764705,0.9230769230769231
0.9352941176470588,0.9755244755244755
0.8117647058823529,0.9755244755244755
0.8058823529411765,1.0
0.9235294117647059,0.9825174825174825
0.9411764705882353,0.972027972027972
0.9647058823529412,0.958041958041958
0.9294117647058824,0.9790209790209791
0.9705882352941176,0.8846153846153846
0.9529411764705882,0.9790209790209791
0.9882352941176471,0.9125874125874126
0.9705882352941176,0.9615384615384616
0.9411764705882353,0.9825174825174825
0.5647058823529412,0.9965034965034965
0.9764705882352941,0.9020979020979021
0.8058823529411765,0.993006993006993
0.7764705882352941,0.993006993006993
0.9352941176470588,0.9825174825174825
0.9470588235294117,0.972027972027972
0.9352941176470588,0.965034965034965
0.9470588235294117,0.9265734265734266
0.8823529411764706,0.9790209790209791
0.9411764705882353,0.9825174825174825
0.9235294117647059,0.965034965034965
0.9176470588235294,0.986013986013986
0.7705882352941177,0.9895104895104895
0.9294117647058824,0.986013986013986
0.6411764705882353,0.972027972027972
0.9411764705882353,0.965034965034965
0.9882352941176471,0.8951048951048951
0.9058823529411765,0.9825174825174825
0.8176470588235294,0.993006993006993
